people_cnt | покол. 1  | покол. 2  | покол. 3  | покол. 4  | покол. 5  | покол. 6  | покол. 7  | покол. 8  | покол. 9  | покол.10  |
-----------+-----------+-----------+-----------+-----------+-----------+-----------+-----------+-----------+-----------+-----------+
         3 |  1.0000   |  0.0000   |  0.0000   |  0.0000   |  0.0000   |  0.0000   |  0.0000   |  0.0000   |  0.0000   |  0.0000   |
         4 |  1.0000   |  0.1460   |  0.0021   |  0.0000   |  0.0000   |  0.0000   |  0.0000   |  0.0000   |  0.0000   |  0.0000   |
         5 |  1.0000   |  0.2913   |  0.0242   |  0.0000   |  0.0000   |  0.0000   |  0.0000   |  0.0000   |  0.0000   |  0.0000   |
         6 |  1.0000   |  0.4007   |  0.0619   |  0.0014   |  0.0000   |  0.0000   |  0.0000   |  0.0000   |  0.0000   |  0.0000   |
         7 |  1.0000   |  0.4673   |  0.1093   |  0.0054   |  0.0000   |  0.0000   |  0.0000   |  0.0000   |  0.0000   |  0.0000   |
         8 |  1.0000   |  0.5310   |  0.1492   |  0.0119   |  0.0001   |  0.0000   |  0.0000   |  0.0000   |  0.0000   |  0.0000   |
         9 |  1.0000   |  0.5836   |  0.1990   |  0.0227   |  0.0006   |  0.0000   |  0.0000   |  0.0000   |  0.0000   |  0.0000   |
        10 |  1.0000   |  0.6171   |  0.2359   |  0.0364   |  0.0006   |  0.0000   |  0.0000   |  0.0000   |  0.0000   |  0.0000   |
        11 |  1.0000   |  0.6598   |  0.2881   |  0.0498   |  0.0012   |  0.0000   |  0.0000   |  0.0000   |  0.0000   |  0.0000   |
        12 |  1.0000   |  0.6866   |  0.3169   |  0.0715   |  0.0029   |  0.0000   |  0.0000   |  0.0000   |  0.0000   |  0.0000   |
        13 |  1.0000   |  0.7025   |  0.3571   |  0.0840   |  0.0045   |  0.0001   |  0.0000   |  0.0000   |  0.0000   |  0.0000   |
        14 |  1.0000   |  0.7239   |  0.3749   |  0.1020   |  0.0094   |  0.0000   |  0.0000   |  0.0000   |  0.0000   |  0.0000   |
        15 |  1.0000   |  0.7410   |  0.4110   |  0.1216   |  0.0108   |  0.0000   |  0.0000   |  0.0000   |  0.0000   |  0.0000   |
        16 |  1.0000   |  0.7609   |  0.4295   |  0.1417   |  0.0153   |  0.0001   |  0.0000   |  0.0000   |  0.0000   |  0.0000   |
        17 |  1.0000   |  0.7697   |  0.4618   |  0.1637   |  0.0192   |  0.0004   |  0.0000   |  0.0000   |  0.0000   |  0.0000   |
        18 |  1.0000   |  0.7849   |  0.4812   |  0.1801   |  0.0267   |  0.0005   |  0.0000   |  0.0000   |  0.0000   |  0.0000   |
        19 |  1.0000   |  0.7940   |  0.5069   |  0.2053   |  0.0326   |  0.0011   |  0.0000   |  0.0000   |  0.0000   |  0.0000   |
        20 |  1.0000   |  0.8027   |  0.5189   |  0.2234   |  0.0368   |  0.0015   |  0.0000   |  0.0000   |  0.0000   |  0.0000   |
       100 |  1.0000   |  0.9624   |  0.8908   |  0.7503   |  0.5440   |  0.2802   |  0.0783   |  0.0065   |  0.0001   |  0.0000   |
      1000 |  1.0000   |  0.9960   |  0.9881   |  0.9726   |  0.9415   |  0.8805   |  0.7889   |  0.6025   |  0.3565   |  0.1258   |
     10000 |  1.0000   |  0.9995   |  0.9984   |  0.9972   |  0.9948   |  0.9864   |  0.9766   |  0.9469   |  0.8955   |  0.8200   |
    100000 |  1.0000   |  1.0000   |  0.9999   |  0.9996   |  0.9988   |  0.9991   |  0.9974   |  0.9965   |  0.9899   |  0.9790   |
