people_cnt | покол. 1  | покол. 2  | покол. 3  | покол. 4  | покол. 5  | покол. 6  | покол. 7  | покол. 8  | покол. 9  | покол.10  |
-----------+-----------+-----------+-----------+-----------+-----------+-----------+-----------+-----------+-----------+-----------+
         3 |  1.0000   |  0.0000   |  0.0000   |  0.0000   |  0.0000   |  0.0000   |  0.0000   |  0.0000   |  0.0000   |  0.0000   |
         4 |  0.3333   |  0.0370   |  0.0005   |  0.0000   |  0.0000   |  0.0000   |  0.0000   |  0.0000   |  0.0000   |  0.0000   |
         5 |  0.5000   |  0.1250   |  0.0078   |  0.0000   |  0.0000   |  0.0000   |  0.0000   |  0.0000   |  0.0000   |  0.0000   |
         6 |  0.6000   |  0.2160   |  0.0280   |  0.0005   |  0.0000   |  0.0000   |  0.0000   |  0.0000   |  0.0000   |  0.0000   |
         7 |  0.6667   |  0.2963   |  0.0585   |  0.0023   |  0.0000   |  0.0000   |  0.0000   |  0.0000   |  0.0000   |  0.0000   |
         8 |  0.7143   |  0.3644   |  0.0949   |  0.0064   |  0.0000   |  0.0000   |  0.0000   |  0.0000   |  0.0000   |  0.0000   |
         9 |  0.7500   |  0.4219   |  0.1335   |  0.0134   |  0.0001   |  0.0000   |  0.0000   |  0.0000   |  0.0000   |  0.0000   |
        10 |  0.7778   |  0.4705   |  0.1722   |  0.0231   |  0.0004   |  0.0000   |  0.0000   |  0.0000   |  0.0000   |  0.0000   |
        11 |  0.8000   |  0.5120   |  0.2097   |  0.0352   |  0.0010   |  0.0000   |  0.0000   |  0.0000   |  0.0000   |  0.0000   |
        12 |  0.8182   |  0.5477   |  0.2454   |  0.0493   |  0.0020   |  0.0000   |  0.0000   |  0.0000   |  0.0000   |  0.0000   |
        13 |  0.8333   |  0.5787   |  0.2791   |  0.0649   |  0.0035   |  0.0000   |  0.0000   |  0.0000   |  0.0000   |  0.0000   |
        14 |  0.8462   |  0.6058   |  0.3106   |  0.0816   |  0.0056   |  0.0000   |  0.0000   |  0.0000   |  0.0000   |  0.0000   |
        15 |  0.8571   |  0.6297   |  0.3399   |  0.0990   |  0.0084   |  0.0001   |  0.0000   |  0.0000   |  0.0000   |  0.0000   |
        16 |  0.8667   |  0.6510   |  0.3673   |  0.1169   |  0.0118   |  0.0001   |  0.0000   |  0.0000   |  0.0000   |  0.0000   |
        17 |  0.8750   |  0.6699   |  0.3927   |  0.1349   |  0.0159   |  0.0002   |  0.0000   |  0.0000   |  0.0000   |  0.0000   |
        18 |  0.8824   |  0.6870   |  0.4164   |  0.1530   |  0.0206   |  0.0004   |  0.0000   |  0.0000   |  0.0000   |  0.0000   |
        19 |  0.8889   |  0.7023   |  0.4385   |  0.1709   |  0.0260   |  0.0006   |  0.0000   |  0.0000   |  0.0000   |  0.0000   |
        20 |  0.8947   |  0.7163   |  0.4591   |  0.1886   |  0.0318   |  0.0009   |  0.0000   |  0.0000   |  0.0000   |  0.0000   |
       100 |  0.9798   |  0.9406   |  0.8669   |  0.7363   |  0.5312   |  0.2764   |  0.0749   |  0.0055   |  0.0000   |  0.0000   |
      1000 |  0.9980   |  0.9940   |  0.9861   |  0.9704   |  0.9398   |  0.8814   |  0.7753   |  0.5999   |  0.3591   |  0.1287   |
     10000 |  0.9998   |  0.9994   |  0.9986   |  0.9970   |  0.9938   |  0.9875   |  0.9749   |  0.9503   |  0.9028   |  0.8149   |
    100000 |  1.0000   |  0.9999   |  0.9999   |  0.9997   |  0.9994   |  0.9987   |  0.9975   |  0.9949   |  0.9898   |  0.9797   |
