people_cnt | покол. 1  | покол. 2  | покол. 3  | покол. 4  | покол. 5  | покол. 6  | покол. 7  | покол. 8  | покол. 9  | покол.10  |
-----------+-----------+-----------+-----------+-----------+-----------+-----------+-----------+-----------+-----------+-----------+
         3 |  0.0000   |  0.0000   |  0.0000   |  0.0000   |  0.0000   |  0.0000   |  0.0000   |  0.0000   |  0.0000   |  0.0000   |
         4 |  0.6667   |  0.1090   |  0.0016   |  0.0000   |  0.0000   |  0.0000   |  0.0000   |  0.0000   |  0.0000   |  0.0000   |
         5 |  0.5000   |  0.1663   |  0.0164   |  0.0000   |  0.0000   |  0.0000   |  0.0000   |  0.0000   |  0.0000   |  0.0000   |
         6 |  0.4000   |  0.1847   |  0.0339   |  0.0009   |  0.0000   |  0.0000   |  0.0000   |  0.0000   |  0.0000   |  0.0000   |
         7 |  0.3333   |  0.1710   |  0.0508   |  0.0031   |  0.0000   |  0.0000   |  0.0000   |  0.0000   |  0.0000   |  0.0000   |
         8 |  0.2857   |  0.1666   |  0.0543   |  0.0055   |  0.0001   |  0.0000   |  0.0000   |  0.0000   |  0.0000   |  0.0000   |
         9 |  0.2500   |  0.1617   |  0.0655   |  0.0093   |  0.0005   |  0.0000   |  0.0000   |  0.0000   |  0.0000   |  0.0000   |
        10 |  0.2222   |  0.1466   |  0.0637   |  0.0133   |  0.0002   |  0.0000   |  0.0000   |  0.0000   |  0.0000   |  0.0000   |
        11 |  0.2000   |  0.1478   |  0.0784   |  0.0146   |  0.0002   |  0.0000   |  0.0000   |  0.0000   |  0.0000   |  0.0000   |
        12 |  0.1818   |  0.1389   |  0.0715   |  0.0222   |  0.0009   |  0.0000   |  0.0000   |  0.0000   |  0.0000   |  0.0000   |
        13 |  0.1667   |  0.1238   |  0.0780   |  0.0191   |  0.0010   |  0.0001   |  0.0000   |  0.0000   |  0.0000   |  0.0000   |
        14 |  0.1538   |  0.1181   |  0.0643   |  0.0204   |  0.0038   |  0.0000   |  0.0000   |  0.0000   |  0.0000   |  0.0000   |
        15 |  0.1429   |  0.1113   |  0.0711   |  0.0226   |  0.0024   |  0.0001   |  0.0000   |  0.0000   |  0.0000   |  0.0000   |
        16 |  0.1333   |  0.1099   |  0.0622   |  0.0248   |  0.0035   |  0.0000   |  0.0000   |  0.0000   |  0.0000   |  0.0000   |
        17 |  0.1250   |  0.0998   |  0.0691   |  0.0288   |  0.0033   |  0.0002   |  0.0000   |  0.0000   |  0.0000   |  0.0000   |
        18 |  0.1176   |  0.0979   |  0.0648   |  0.0271   |  0.0061   |  0.0001   |  0.0000   |  0.0000   |  0.0000   |  0.0000   |
        19 |  0.1111   |  0.0917   |  0.0684   |  0.0344   |  0.0066   |  0.0005   |  0.0000   |  0.0000   |  0.0000   |  0.0000   |
        20 |  0.1053   |  0.0864   |  0.0598   |  0.0348   |  0.0050   |  0.0006   |  0.0000   |  0.0000   |  0.0000   |  0.0000   |
       100 |  0.0202   |  0.0218   |  0.0239   |  0.0140   |  0.0128   |  0.0038   |  0.0034   |  0.0010   |  0.0001   |  0.0000   |
      1000 |  0.0020   |  0.0020   |  0.0020   |  0.0022   |  0.0017   |  0.0009   |  0.0136   |  0.0026   |  0.0026   |  0.0029   |
     10000 |  0.0002   |  0.0001   |  0.0002   |  0.0002   |  0.0010   |  0.0011   |  0.0017   |  0.0034   |  0.0073   |  0.0051   |
    100000 |  0.0000   |  0.0001   |  0.0000   |  0.0001   |  0.0006   |  0.0004   |  0.0001   |  0.0016   |  0.0001   |  0.0007   |
